10
5
5
2
6
8
9
10
6
1
2
4
5
7
8
7
1
2
3
4
5
6
10
7
1
3
4
7
8
9
10
8
1
2
5
6
7
8
9
10
15
6
1
3
6
7
8
9
4
2
8
9
10
3
4
6
10
4
2
7
9
10
8
1
3
4
5
6
7
8
9
4
2
5
7
8
4
3
5
9
10
4
3
5
9
10
5
2
4
6
8
9
5
1
2
6
7
9
2
2
7
7
1
2
3
4
5
7
8
5
2
4
7
8
9
5
2
5
6
7
8
5
4
5
6
8
10
10
4
2
8
9
10
6
1
4
5
7
9
10
6
2
3
4
6
8
10
6
1
2
3
4
5
9
4
1
4
5
7
3
3
6
8
3
1
5
6
7
1
2
3
4
5
6
10
5
2
3
4
6
7
4
4
5
6
8
15
2
2
3
6
5
9
10
13
14
15
6
2
4
5
6
7
10
2
3
4
4
1
6
9
14
8
2
3
5
6
7
8
9
10
2
1
3
5
2
4
9
10
11
6
1
2
3
4
6
10
1
3
6
3
6
7
8
11
12
8
3
4
5
6
7
8
9
10
2
1
2
6
2
4
7
8
9
11
7
1
3
4
5
7
9
10
1
5
5
3
7
9
10
12
4
6
7
9
10
1
1
4
3
10
11
15
9
1
2
4
5
6
7
8
9
10
1
5
6
1
3
5
6
8
10
8
1
2
3
5
7
8
9
10
2
3
4
8
1
4
6
7
10
12
14
15
8
1
2
3
6
7
8
9
10
2
2
4
5
2
4
5
10
13
4
2
4
7
10
2
1
3
5
3
9
10
13
15
6
3
4
5
6
8
9
2
2
4
4
4
6
11
15
7
1
2
3
4
7
8
10
1
4
7
3
4
5
6
8
11
12
7
1
2
3
4
6
9
10
1
2
6
4
5
6
9
10
15
6
3
4
6
7
8
9
2
1
2
2
7
11
9
2
3
4
5
6
7
8
9
10
